0.862093	2.721676
0.928430	2.660523
0.954811	2.621117
1.023795	2.568100
1.053841	2.526994
1.077387	2.479076
1.103558	2.440925
1.115402	2.386614
1.140353	2.357027
1.168032	2.330534
1.182660	2.303756
1.198575	2.263480
1.207321	2.238235
1.217127	2.213598
1.212103	2.173306
1.234983	2.149412
1.238888	2.129376
1.248166	2.104847
1.260532	2.082413
1.269645	2.066837
1.272565	2.045066
1.281055	2.028216
1.286126	2.016115
1.286547	1.990382
1.301561	1.984098
1.297113	1.968578
1.286625	1.941784
1.272042	1.949624
1.276770	1.977086
1.266515	1.988526
1.268186	2.003408
1.252399	2.013619
1.254086	2.043242
1.246986	2.060636
1.237187	2.080980
1.225331	2.108776
1.224020	2.126724
1.204723	2.147100
1.206788	2.183495
1.186045	2.211376
1.171106	2.243830
1.169305	2.271515
1.140490	2.307531
1.143861	2.345295
1.120523	2.385299
1.082748	2.419229
1.070630	2.462393
1.051062	2.509749
1.019591	2.560156
0.976397	2.604738
0.922816	2.674589
0.873991	2.708458
0.855592	2.729490
0.907583	2.674863
0.905199	2.651361
0.977798	2.603262
0.993770	2.572029
1.004989	2.527763
1.023021	2.496252
1.023881	2.436467
1.044940	2.413892
1.073110	2.394082
1.081086	2.372916
1.096790	2.326003
1.097867	2.303966
1.102239	2.281172
1.084888	2.229703
1.116582	2.203192
1.112722	2.184321
1.121710	2.155093
1.137286	2.128109
1.145448	2.113163
1.144389	2.086080
1.153639	2.066728
1.155110	2.055922
1.152938	2.018448
1.174133	2.016326
1.159179	1.997405
1.175658	1.982002
1.161315	1.953542
1.179190	1.958243
1.174572	1.934327
1.251826	1.951431
1.234190	1.953066
1.241165	1.982123
1.236553	1.992877
1.228692	2.006383
1.218599	2.028445
1.223392	2.038117
1.205002	2.047485
1.215291	2.079406
1.197078	2.095840
1.187536	2.117705
1.194980	2.134642
1.171233	2.156082
1.187122	2.184164
1.173389	2.209012
1.145124	2.222367
1.148459	2.250951
1.146382	2.282326
1.135340	2.314412
1.115125	2.336224
1.096269	2.388552
1.077524	2.394734
1.092302	2.447551
1.043861	2.484987
1.019860	2.527579
0.989151	2.562917
0.975640	2.612537
0.960406	2.657148
0.912018	2.689135
0.915959	2.722100
0.854372	2.727455
0.881183	2.682562
0.872033	2.658216
0.914960	2.616313
0.919897	2.585707
0.923296	2.545522
0.930933	2.513793
0.929744	2.461467
0.939872	2.435250
0.955185	2.410826
0.956649	2.385484
0.967059	2.340600
0.964325	2.314279
0.964353	2.287246
0.951984	2.238259
0.973574	2.207954
0.967716	2.183717
0.973236	2.151439
0.983970	2.120983
0.987571	2.100061
0.985883	2.069601
0.991501	2.045511
0.989760	2.028131
0.989425	1.989849
1.002857	1.980309
0.989379	1.956402
1.001543	1.936812
0.990375	1.905732
1.000642	1.902343
0.997183	1.875708
1.009289	1.856162
1.001003	1.827766
1.007920	1.822632
1.010009	1.779841
1.006384	1.794938
0.999761	1.814884
1.006777	1.831035
0.997174	1.842623
1.004360	1.873463
0.994512	1.890105
0.990282	1.912021
0.998628	1.934111
0.985725	1.954134
0.998302	1.984845
0.992372	2.009276
0.979432	2.024816
0.984744	2.054666
0.986686	2.085745
0.983599	2.116379
0.976867	2.139600
0.968700	2.182920
0.965582	2.196746
0.977440	2.244483
0.957246	2.275846
0.951022	2.313385
0.942889	2.345702
0.944038	2.389336
0.945694	2.429645
0.933036	2.458644
0.946291	2.492800
0.925432	2.547640
0.920086	2.567555
0.900745	2.596168
0.885794	2.651232
0.870953	2.689957
0.869197	2.736674
0.839682	2.741132
0.831998	2.712198
0.769871	2.715304
0.797632	2.687645
0.765429	2.679016
0.737384	2.654236
0.715447	2.641666
0.691931	2.593174
0.676504	2.586585
0.671018	2.580676
0.643273	2.575432
0.646798	2.526649
0.615680	2.517021
0.591444	2.503534
0.561875	2.442858
0.584898	2.405158
0.551970	2.392256
0.549319	2.349789
0.557818	2.304897
0.545505	2.286404
0.531700	2.240023
0.529355	2.204151
0.506031	2.190081
0.506945	2.103372
0.512820	2.100411
0.472195	2.059045
0.487935	2.017192
0.462087	1.938050
0.458498	1.950953
0.448581	1.877081
0.470916	1.827414
0.513252	1.948912
0.519930	2.028581
0.530095	2.053012
0.530780	2.084124
0.517204	2.138140
0.552440	2.148954
0.543184	2.165748
0.563033	2.227881
0.550492	2.257620
0.550333	2.294068
0.587186	2.308298
0.567905	2.342738
0.609792	2.372351
0.608800	2.402703
0.599554	2.412165
0.626656	2.437701
0.645565	2.466600
0.653929	2.495463
0.660940	2.506591
0.651687	2.560762
0.678010	2.543084
0.717544	2.584596
0.696067	2.609698
0.705521	2.634799
0.716362	2.648619
0.743722	2.675693
0.776666	2.695023
0.786646	2.699557
0.850273	2.704141
0.841651	2.747107
0.876024	2.733538
0.863336	2.723713
0.930849	2.666175
0.943429	2.640010
1.026841	2.590999
1.053803	2.558790
1.073564	2.514723
1.099925	2.483565
1.105729	2.426347
1.133826	2.404770
1.168004	2.386111
1.182388	2.366360
1.199912	2.323434
1.206609	2.303542
1.215761	2.283217
1.201120	2.237460
1.233119	2.214120
1.234204	2.198107
1.244699	2.172800
1.260705	2.149448
1.271675	2.137072
1.272652	2.114117
1.283182	2.097844
1.288303	2.089510
1.285819	2.057436
1.307984	2.056108
1.297757	2.041338
1.313231	2.028163
1.301560	2.004877
1.321204	2.009678
1.325327	1.983822
1.329763	1.993153
1.311424	1.995278
1.317939	2.022884
1.311869	2.033255
1.302986	2.046530
1.292732	2.068337
1.294602	2.077330
1.274879	2.087200
1.283769	2.117957
1.264221	2.134899
1.252944	2.156897
1.257204	2.173442
1.231512	2.195882
1.244485	2.223431
1.227940	2.249180
1.195519	2.264273
1.195185	2.293467
1.189183	2.325939
1.173495	2.359773
1.147030	2.383943
1.122241	2.439122
1.094864	2.448117
1.103770	2.503194
1.042529	2.545746
1.005787	2.592894
0.959625	2.633375
0.929340	2.687828
0.894149	2.737530
0.838766	2.732778
0.916154	2.683622
0.936959	2.666507
1.032759	2.625255
1.069442	2.601480
1.097797	2.565912
1.133392	2.542685
1.144776	2.493952
1.181956	2.479441
1.225793	2.467002
1.247876	2.454275
1.270408	2.417242
1.283327	2.404199
1.298497	2.390194
1.284533	2.351774
1.322596	2.331158
1.328605	2.321457
1.342726	2.300254
1.362352	2.279796
1.378185	2.271564
1.381600	2.252870
1.395579	2.239609
1.405377	2.235898
1.402488	2.206316
1.429987	2.206679
1.422639	2.197898
1.440381	2.185203
1.429303	2.166321
1.454752	2.173264
1.451873	2.156151
1.465042	2.140541
1.513583	2.172014
1.521050	2.193597
1.512092	2.198538
1.501542	2.206812
1.492252	2.223858
1.488386	2.224668
1.466638	2.229784
1.474764	2.251207
1.454319	2.262153
1.441841	2.276276
1.440833	2.282755
1.415104	2.297590
1.423939	2.313070
1.406105	2.328793
1.371138	2.334850
1.367578	2.351398
1.359353	2.370759
1.342452	2.391082
1.313449	2.402305
1.292651	2.440251
1.259002	2.436727
1.267486	2.473905
1.211717	2.498391
1.179010	2.527013
1.137254	2.549113
1.114131	2.584699
1.087276	2.616403
1.025960	2.636035
1.013255	2.658588
0.931238	2.717795
0.874504	2.725304
0.837169	2.733948
0.849904	2.684451
0.810606	2.665645
0.853006	2.618500
0.839929	2.588144
0.828342	2.541460
0.823067	2.507170
0.810979	2.437580
0.811003	2.409999
0.819317	2.384756
0.808387	2.356599
0.816798	2.294502
0.801777	2.262064
0.791781	2.227528
0.770147	2.151829
0.795044	2.112832
0.777597	2.078920
0.780387	2.032603
0.791397	1.990541
0.789292	1.962426
0.782450	1.916377
0.785616	1.883000
0.775563	1.857594
0.775087	1.798939
0.787621	1.791846
0.762167	1.749669
0.777142	1.726723
0.758711	1.674368
0.765652	1.674815
0.759041	1.633385
0.776224	1.612564
0.763121	1.566854
0.766804	1.562559
0.740263	1.488723
0.738161	1.508748
0.729091	1.532948
0.746082	1.563569
0.736648	1.575169
0.748294	1.626017
0.737514	1.645433
0.734732	1.676726
0.753400	1.715902
0.738220	1.739745
0.761425	1.793924
0.757346	1.828766
0.745995	1.845974
0.759421	1.894181
0.767697	1.942467
0.768942	1.987883
0.767748	2.018928
0.758737	2.084490
0.767841	2.098196
0.790008	2.172774
0.769505	2.213000
0.769461	2.264742
0.769279	2.305763
0.780821	2.365511
0.795429	2.417379
0.793344	2.448113
0.829559	2.486471
0.812410	2.556821
0.828273	2.568925
0.823409	2.594233
0.823178	2.659872
0.829404	2.698403
0.859226	2.747695
